14 14
0 0 0 1 0 0
4
2 0 0 1 1 0
9 0 0 1 1 0
4 6 0 1 1 0
13 9 1 0 1 0
74
1 0 0 1 0 0
3 0 0 1 0 0
4 0 0 1 0 0
5 0 0 1 0 0
7 0 0 1 0 0
8 0 0 1 0 0
10 0 0 1 0 0
11 0 0 1 0 0
12 0 0 1 0 0
13 0 0 0 1 0
0 1 0 0 0 1
2 1 0 0 1 0
9 1 0 0 1 0
13 1 0 0 1 0
0 2 0 0 0 1
2 2 0 0 1 0
9 2 0 0 1 0
13 2 0 0 1 0
0 3 0 0 0 1
2 3 0 0 1 0
9 3 0 1 0 0
10 3 0 0 1 0
13 3 0 0 1 0
2 4 0 0 1 0
10 4 0 0 1 0
0 5 0 0 0 1
10 5 0 0 1 0
13 5 0 0 1 0
2 6 0 1 0 0
3 6 0 1 0 0
5 6 0 1 0 0
6 6 0 1 0 0
8 6 0 1 0 0
9 6 0 1 0 0
13 6 0 0 1 0
0 7 0 0 0 1
4 7 0 0 1 0
10 7 0 0 1 0
13 7 0 0 1 0
0 8 0 0 0 1
4 8 0 0 1 0
13 8 0 0 1 0
0 9 0 0 0 1
10 9 0 0 1 0
11 9 1 0 0 0
12 9 1 0 0 0
0 10 0 0 0 1
4 10 0 0 1 0
10 10 0 0 1 0
13 10 0 0 1 0
0 11 0 0 0 1
2 11 0 0 1 0
3 11 1 0 0 0
4 11 1 0 0 0
5 11 1 0 0 0
6 11 1 0 0 0
7 11 1 0 0 0
9 11 1 0 0 0
10 11 1 0 0 0
13 11 0 0 1 0
0 12 0 0 0 1
2 12 0 0 1 0
13 12 0 0 1 0
0 13 0 0 0 1
2 13 1 0 0 0
3 13 1 0 0 0
5 13 1 0 0 0
6 13 1 0 0 0
8 13 1 0 0 0
9 13 1 0 0 0
10 13 1 0 0 0
11 13 1 0 0 0
12 13 1 0 0 0
13 13 1 0 0 0
3
0 6 0 0 0 1
10 8 0 0 1 0
4 13 1 0 0 0
7
6 0 0 1 0 0 20
0 4 0 0 0 1 10
13 4 0 0 1 0 -5
2 5 0 0 1 0 -15
10 6 0 0 1 0 30
4 9 0 0 1 0 15
1 13 1 0 0 0 10
3
7 6 0 1 0 0 1
8 11 1 0 0 0 1
7 13 1 0 0 0 1
0 0 0 1
1 0 0 0
2 0 1 0
3 0 2 0
4 0 3 0 
5 0 4 0
6 0 5 0
7 0 6 0
8 0 7 0
9 0 8 0
10 0 9 0
11 0 10 0
12 0 11 0
13 0 12 0
13 1 13 0
13 2 13 1
13 3 13 2
13 4 13 3
13 5 13 4
13 6 13 5
13 7 13 6
13 8 13 7
13 9 13 8
13 10 13 9
13 11 13 10
13 12 13 11
13 13 13 12
12 13 13 13
11 13 12 13
10 13 11 13
9 13 10 13
8 13 9 13
7 13 8 13
6 13 7 13
5 13 6 13
4 13 5 13
3 13 4 13
2 13 3 13
1 13 2 13
0 13 1 13
0 12 0 13
0 11 0 12
0 10 0 11
0 9 0 10
0 8 0 9
0 7 0 8
0 6 0 7
0 5 0 6
0 4 0 5
0 3 0 4
0 2 0 3
0 1 0 2
2 1 2 0
2 2 2 1
2 3 2 2
2 4 2 3
2 5 2 4
2 6 2 5
3 6 2 6
4 6 3 6
5 6 4 6
6 6 5 6
7 6 6 6
8 6 7 6
9 6 8 6
10 6 9 6
9 1 9 0
9 2 9 1
9 3 9 2
10 3 9 3
10 4 10 3
10 5 10 4
10 6 10 5
10 7 10 6
10 8 10 7
10 9 10 8
10 10 10 9
10 11 10 10
9 11 10 11
8 11 9 11
7 11 8 11
6 11 7 11
5 11 6 11
4 11 5 11
3 11 4 11
2 11 3 11
2 12 2 11
2 13 2 12
4 11 4 10
4 10 4 9
4 9 4 8
4 8 4 7
4 7 4 6
12 9 13 9
11 9 12 9
10 9 11 9
